[gd_scene load_steps=7 format=3 uid="uid://clity2ddchtyq"]

[ext_resource type="Script" path="res://playerFinal.gd" id="1_hdegf"]
[ext_resource type="TileSet" uid="uid://cpddivvqyqdq" path="res://new_tile_set.tres" id="2_y64fd"]

[sub_resource type="ViewportTexture" id="ViewportTexture_uij5b"]
viewport_path = NodePath("spriteTesture")

[sub_resource type="StandardMaterial3D" id="StandardMaterial3D_xmbsa"]
resource_local_to_scene = true
albedo_texture = SubResource("ViewportTexture_uij5b")

[sub_resource type="PlaneMesh" id="PlaneMesh_2swqu"]

[sub_resource type="BoxShape3D" id="BoxShape3D_atoy7"]
size = Vector3(2.07903, 2.08154, 0.0463957)

[node name="Player" type="CharacterBody3D" groups=["Player"]]
script = ExtResource("1_hdegf")

[node name="Sprite3D" type="MeshInstance3D" parent="."]
transform = Transform3D(1, -1.02157e-16, 2.4663e-16, 2.4663e-16, 0.707107, -0.707107, -1.02157e-16, 0.707107, 0.707107, 0, 0, 0)
material_override = SubResource("StandardMaterial3D_xmbsa")
mesh = SubResource("PlaneMesh_2swqu")

[node name="spriteTesture" type="SubViewport" parent="."]

[node name="TileMap" type="TileMap" parent="spriteTesture"]
tile_set = ExtResource("2_y64fd")
format = 2
layer_0/tile_data = PackedInt32Array(0, 917506, 11, 1, 917506, 11, 2, 917506, 11, 3, 917506, 11, 4, 917506, 11, 5, 917506, 11, 6, 917506, 11, 7, 917506, 11, 65536, 917506, 11, 131072, 917506, 11, 196608, 917506, 11, 262144, 917506, 11, 327680, 917506, 11, 393216, 917506, 11, 458752, 917506, 11, 458753, 917506, 11, 458754, 917506, 11, 458755, 917506, 11, 458756, 917506, 11, 458757, 917506, 11, 458758, 917506, 11, 458759, 917506, 11, 393223, 917506, 11, 327687, 917506, 11, 262151, 917506, 11, 196615, 917506, 11, 131079, 917506, 11, 65543, 917506, 11, 131074, 851970, 11, 131077, 851970, 11, 262146, 851970, 11, 327682, 851970, 11, 327683, 851970, 11, 327684, 851970, 11, 327685, 851970, 11, 262149, 851970, 11, 65537, 917506, 11, 65538, 917506, 11, 65539, 917506, 11, 65540, 917506, 11, 65541, 917506, 11, 65542, 917506, 11, 131078, 917506, 11, 196614, 917506, 11, 262150, 917506, 11, 327686, 917506, 11, 393222, 917506, 11, 393221, 917506, 11, 393220, 917506, 11, 393219, 917506, 11, 393218, 917506, 11, 393217, 917506, 11, 327681, 917506, 11, 262145, 917506, 11, 196609, 917506, 11, 131073, 917506, 11, 131075, 917506, 11, 131076, 917506, 11, 196612, 917506, 11, 262148, 917506, 11, 262147, 917506, 11, 196611, 917506, 11, 196610, 917506, 11, 196613, 917506, 11)

[node name="CollisionShape3D" type="CollisionShape3D" parent="."]
transform = Transform3D(1, -5.95416e-16, 2.4663e-16, 2.4663e-16, 0.707107, 0.707107, -5.95416e-16, -0.707107, 0.707107, 0, 0, 0)
shape = SubResource("BoxShape3D_atoy7")

[node name="Camera3D" type="Camera3D" parent="."]
transform = Transform3D(1, -5.95416e-16, 2.4663e-16, 2.4663e-16, 0.707107, 0.707107, -5.95416e-16, -0.707107, 0.707107, 2.08165e-12, 7.111, 7.18779)
projection = 1
size = 9.74444
